1
5
1
5
9
112500
112500
112500
112500
112500
112500
112500
112500
1
9
9
9
2
3
1
1
1
1
1
1
1
1
3
3
6
6
3
3
3
160
3
3
3
1
2
6
14
34
160
26
47
78
51
51
20
20
1
1
42
42
67
67
129
129
82
82
251
251
160
160
488
488
311
311
947
947
604
604
9
11
1
5
2
1
1
1
1
13
13
1
11
11
6
6
5
3
3
5
5
10
10
18
18
22
22
34
34
41
41
46
46
55
55
59
59
22
22
13
13
12
12
12
12
10
10
11
11
8
8
6
6
73
73
55
55
38
38
98
98
74
74
51
51
123
123
93
93
63
63
145
145
110
110
74
74
160
160
121
121
82
82
175
175
133
133
90
90
209
209
159
159
107
107
227
227
172
172
117
117
227
227
172
172
117
117
227
227
172
172
117
117
117
117
22
22
22
22
22
22
1
1
18
18
1
1
1
1
1
1
1
1
1
1
1
1
1
1
1
1
1
1
1
1
1
1
3
3
6
6
6
6
2
2
2
2
9
9
4
4
18
18
18
18
9
9
44
44
42
42
1
1
1
1
3
3
5
5
10
10
18
18
22
22
34
34
41
41
46
46
55
55
59
59
63
63
1
1
1
1
1
3
3
3
3
1
1
1
1
42
42
34
34
34
34
2
5
2
1
1
1
1
1
1
160
3
18
18
5
5
18
18
5
5
5
5
5
5
3
2
5
5
5
5
13
13
13
13
1
1
9
9
9
9
42
42
42
42
18
18
18
18
42
42
22
22
22
22
1
1
13
13
13
13
22
22
22
22
15
15
15
15
1
1
82
82
82
82
98
98
98
98
1
1
1
1
160
160
160
160
1
1
121
121
121
121
1
1
236
236
236
236
1
1
385
385
385
385
1
1
385
385
385
385
1
1
2
2
2
2
42
42
160
160
5
5
92
92
1032
1032
9
0
1
1
1
1
9
1
1
1
1
5
5
5
5
34
26
1
1
1
1
3
3
3
3
15
15
63
63
121
121
121
131
131
311
311
2279
2279
38
38
9
9
9
9
9
9
9
9
9
1
1
1
1
0
0
0
0
15
15
37
37
88
88
819
819
1
1
113
113
384
384
961
961
2278
2278
20682
20682
1
1
0
0
0
0
0
0
9
9
16
16
37
37
331
331
13
13
46
46
159
159
298
298
399
399
947
947
8598
8598
1
1
1
1
1
1
1
1
1
1
1
1
1
1
1
1
26
26
34
34
26
26
34
34
34
34
26
26
1
1
30
1
4
4
4
4
3
3
145
145
74
191
42
311
236
82
82
236
236
236
236
236
236
236
236
13
13
2
2
12
12
9
9
9
9
1
1
1
1
1
2
2
4
4
4
4
9
1
1
1
1
1
1
1
1
1
1
1
1
1
1
1
1
1
1
1
1
5
5
5
5
1
1
5
160
160
160
160
160
160
160
160
160
160
145
145
145
145
145
145
145
145
145
145
145
145
145
145
145
145
145
145
145
145
129
129
129
129
129
129
129
129
129
129
3
160
3
1
1
1
1
1
1
1
1
1
1
1
1
1
1
1
1
1
1
1
1
1
1
1
1
1
1
1
1
1
1
1
1
1
1
1
1
1
1
1
1
1
1
1
1
1
1
1
1
1
1
1
9
531
531
531
531
531
531
2
2
1
1
1
1
1
1
1
1
1
1
1
2
1
1
1
1
1
1
1
1
1
1
1
1
1
1
5
1
1
1
1
1
5
5
1
1
1
1
4
4
1
1
13
13
1470
1574
1
1
1
1
1
1
1
1
2
2
2
2
2
1
1
1
1
1
1
2
2
1
1
1
1
3
6
23
59
142
341
1
2
9
22
55
274
1
2
9
22
55
274
1
1
3
5
11
31
141
4
6
21
54
129
311
4
6
21
54
129
311
59
59
67
67
42
42
82
82
129
129
251
251
160
160
488
488
311
311
947
947
604
604
1840
1840
1173
1173
3
1
10
24
55
135
17
1
3
9
24
16
55
134
3
3
51
90
160
1
1
3
3
11
11
28
28
67
67
311
311
1
1
1
1
1
1
1
1
1
1
1
1
1
1
1
1
1
1
1
1
1
1
1
1
1
1
1
1
1
1
1
1
1
1
1
1
1
1
1
1
1
1
1
1
1
1
1
1
9
0
0
1
6
6
9
9
26
26
3
3
16
16
1
1
42
42
1
1
1
1
1
1
1
1
1
1
9
9
1
38
38
34
34
1
1
1
1
11
11
1
1
1
1
1
1
1
1
1
1
1
1
1
1
1
1
1
1
1
1
1
1
2
2
2
2
26
26
2
2
2
2
2
2
2
2
6
6
28
28
28
28
2
2
28
28
28
28
28
28
26
26
34
34
1
1
1
1
1
1
1
1
1
1
1
1
1
129
129
348
13
13
13
13
13
13
6
6
6
6
16
16
1799
1799
221
221
748
748
1868
1868
4426
4426
67
67
1397
1397
40176
40176
221
221
748
748
1868
1868
67
67
1397
1397
4426
4426
40176
40176
18
18
568
568
2754
2754
168
168
51
51
568
568
1060
1060
1418
1418
3360
3360
31716
31716
429
429
129
129
1453
1453
3628
3628
8598
8598
2713
2713
40778
40778
18
18
137
137
640
640
5350
5350
70
70
21
21
236
236
589
589
1397
1397
12679
12679
61608
61608
441
441
125
125
38
38
422
422
1053
1053
2496
2496
22660
22660
788
788
21
21
160
160
18
18
41
41
135
135
458
458
856
856
1145
1145
2713
2713
24630
24630
287872
287872
57
57
189
189
640
640
1196
1196
1598
1598
3788
3788
34384
34384
30
30
9
9
102
102
255
255
604
604
5481
5481
19443
19443
191
191
30
30
9
9
102
102
255
255
604
604
5481
5481
15701
15701
191
191
433
433
23
23
75
75
255
255
636
636
1508
1508
13690
13690
39214
39214
23
23
75
75
255
255
636
636
1508
1508
13690
13690
39214
39214
1
1
114
114
385
385
2279
2279
961
961
20683
20683
23
23
75
75
255
255
476
476
636
636
1508
1508
13690
13690
34
34
114
114
385
385
719
719
961
961
2279
2279
20683
20683
61608
61608
67
67
221
221
748
748
1397
1397
1868
1868
4426
4426
40176
40176
28
28
92
92
311
311
581
581
776
776
1840
1840
16702
16702
139
139
40
40
488
488
733
733
1215
1215
2903
2903
26531
26531
47
47
14
14
160
160
400
400
947
947
8598
8598
299
299
146
146
495
495
925
925
1236
1236
2930
2930
26592
26592
44
44
119675
119675
13
13
1103
1103
1103
1103
1103
1103
1103
1103
160
160
4823
4823
10328
10328
10328
10328
10328
10328
10328
10328
27143
27143
27143
27143
27143
27143
27143
27143
27143
18
1
1
1
1
1
1
1
1
1
53
53
16
16
179
179
335
335
447
447
1060
1060
9625
9625
31716
31716
4
4
4
4
4
4
4
4
4
4
4
4
4
4
4
4
4
4
4
4
4
4
4
1
4
4
4
4
22
10
4
1
1
0
4
4
4
4
4
4
4
4
82
82
1
9
9
9
18
9
9
18
9
9
9
1
2
1
1
6
1
0
0
0
2
2
2
5
2
1
2
1
2
1
1
4
4
251
251
129
129
67
67
34
34
18
18
18
18
1
5
1
5
1
5
1
5
1
5
1
1
1
1
3
18
18
1
1
1
1
1
1
1
7
3
3
9
9
1
1
1
1
1
1
1
1
1
1
1
1
1
1
1
1
1
1
1
2
2
274
274
5
5
2
6
5
9
2
1
13
1
1
1
1
1
1
5
5
160
5
5
5
5
5
5
1453
1453
748
748
385
385
198
198
82
82
121
121
160
160
6787
6787
160
160
82
82
42
42
22
22
18
18
26
26
34
34
748
748
2
2
274
274
676
676
944
944
1470
1470
2500
2500
11681
11681
1
1
1
1
1
1
1
348
348
784
784
1050
1050
1574
1574
2602
2602
12157
12157
1
1
1
1
1
1
1
274
274
676
676
944
944
1470
1470
2500
2500
11681
11681
1
1
1
1
1
1
1
274
274
676
676
944
944
1470
1470
2500
2500
11681
11681
11681
11681
11681
11681
11681
11681
11681
11681
11681
11681
160
160
160
160
236
236
160
160
160
160
160
1470
1470
676
676
944
944
2500
2500
1
1
1
1
1
1
1
1
1
1
1
1
42
42
67
67
51
51
34
34
18
18
1
1
2
2
2
2
2
2
5
5
5
5
5
5
5
5
5
5
5
5
2
2
9
9
5
5
2
2
2
2
2
2
1
1
3
3
2
2
1
18
18
1
1
1
1
1
1
1
1
1
1
1
1
1
1
1
1
1
1
1
1
1
1
1
1
1
1
1
26
26
24
24
21
21
16
16
13
13
34
34
34
34
18
18
1
1
1
1
1
34
34
1
9
1
2
1
1
1
1
5
1
1
9
9
2
2
5
5
4
4
9
9
1
1
3
3
3
3
5
5
5
5
6
6
6
6
8
8
18
18
18
18
9
9
18
18
42
42
26
26
9
9
59
59
42
42
26
26
1
1
2
2
2
2
2
2
2
2
2
2
3
3
2
2
2
2
4
4
4
4
2
2
6
6
6
6
1
1
9
9
1
1
1
1
1
1
26
1
1
4
4
2
2
2
2
2
3
3
1
1
1
1
3
3
26
26
9
9
2
2
1
1
1
1
1
1
3
3
9
9
2
2
2
9
9
2
2
4
4
1
4
4
1
1
1
1
1
1
1
1
9
9
4
4
4
4
9
9
18
18
1
1
183
183
9
9
18
18
1
1
5
5
5
5
5
5
5
5
2
2
2
1
1
26
26
26
26
26
26
26
26
26
26
26
26
26
26
2
2
2
2
2
2
26
26
2
2
2
2
26
26
2
2
2
2
2
2
2
2
26
26
2
2
2
2
2
2
2
2
26
26
2
2
2
2
26
26
2
2
26
26
2
2
2
2
2
2
26
26
2
2
2
2
2
2
2
2
2
2
2
2
2
2
2
2
2
2
2
2
1
1
1
1
1
1
2
2
1
1
2
2
4
4
2
2
2
2
1
1
1
1
1
1
1
1
4
4
4
4
1
1
1
1
121
121
2
2
2
2
2
2
2
2
2
2
2
2
2
2
1
1
1
2
2
2
2
2
2
2
2
1
1
2
2
1
1
1
1
1
1
2
2
2
2
1
1
2
2
1
1
2
2
2
2
1
1
2
2
1
1
2
2
1
1
2
2
1
1
2
2
1
1
2
2
98
98
98
98
98
98
98
98
98
98
129
129
129
129
121
121
121
121
71
71
71
71
71
71
71
71
2
2
1
1
2
2
1
1
1
1
2
2
1
1
2
2
1
1
1
1
1
1
1
1
1
1
1
1
1
1
1
1
2
2
1
1
2
2
4
4
9
9
22
22
34
34
18
18
42
42
22
22
51
51
26
26
82
82
42
42
1
1
4
4
11
11
1
1
3
3
4
4
14
14
7
7
6
6
26
26
11
11
13
13
1
1
7
7
6
6
13
13
9
9
5
5
14
14
30
30
1
1
1
1
7
7
24
24
82
82
121
121
236
236
236
236
488
488
3494
3494
236
67498
67498
287872
287872
121
121
1
1
1
1
1
1
1
1
1
1
1
1
1
1
1
1
1
1
1
18
18
236
98
98
5
34
26
1
1
1
42
1
1
55
1
1
1
1
3
1
82
82
82
49751
49751
49751
1
1
1
1
1
1
5
1
1
1
13
13
90
90
121
121
152
152
179
179
198
198
217
217
259
259
281
281
281
281
281
281
22
22
259
259
209
209
159
159
107
107
82
82
82
82
82
82
82
82
82
82
82
82
82
82
82
82
82
82
1
1
1
57
57
57
57
1
1
2142
2142
2551
2551
3038
3038
3038
3038
3615
3615
4307
4307
6371
6371
7585
7585
9035
9035
59
59
74
74
90
90
4
1
1
5
5
9
9
1
1
82
82
82
82
82
82
82
82
1
1
1
1
3
9
3
9
3
9
3
9
3
9
1
1
1
1
1
1
1
1
676
676
944
944
944
944
944
944
944
944
944
944
944
944
944
944
944
944
1470
1470
2500
2500
11681
11681
42
82
2
160
160
160
160
348
348
2713
2713
1397
1397
788
788
1196
1196
2713
2713
1397
1397
788
788
1196
1196
8598
8598
4426
4426
3788
3788
2496
2496
8598
8598
4426
4426
3788
3788
2496
2496
40778
40778
40176
40176
22660
22660
34384
34384
40778
40778
40176
40176
22660
22660
34384
34384
34
34
67
67
67
67
67
67
160
160
160
160
160
160
34
34
34
34
34
34
145
145
40778
40778
40176
40176
22660
22660
34384
34384
40778
40778
40176
40176
22660
22660
34384
34384
40778
40778
40176
40176
22660
22660
34384
34384
1
1
1
1
1
1
1
1
1
1
1
1
1
1
1
1
1
1
1
1
1
1
1
1
1
1
1
1
1
1
1
1
1
1
1
1
1
42
42
1
42
42
1
42
42
1
1
42
1
42
1
42
1
42
1
42
1
42
1
42
1
42
1
42
1
42
1
42
1
42
1
42
1
1
1
1
1
1
1
1
1
1
1
1
1
1
1
1
1
1
1
1
1
1
1
1
1
1
42
1
42
1
42
1
42
1
1
42
1
1
42
1
42
1
42
1
1
1
82
1
1
82
1
82
1
42
1
42
1
42
1
42
1
42
1
42
1
42
1
42
1
42
1
42
1
42
1
42
1
42
1
42
1
42
1
1
1
1
1
1
1
1
1
1
1
1
1
1
1
1
1
1
1
1
1
1
1
1
1
1
1
1
1
1
3
4
4
1
1
22
1
1
1
1
1
1
1
1
1
71
71
106
106
1
1
9
385
1
1
9
1
1
1
18
18
5
7
385
385
385
385
385
385
385
385
385
385
385
385
385
385
385
385
385
385
385
385
385
385
385
385
385
385
385
385
385
385
385
385
385
385
385
385
385
385
385
385
385
385
385
385
385
385
385
385
385
385
236
2
236
236
236
236
236
236
236
6
6
5
5
5
5
1
1
141
141
198
4
4
1
1
1
1
1
1
1
1
1
1
9
9
1
1
1
1
1
1
1
1
1
1
1
1
1
1
1
1
1
1
1
74
41
41
50
50
41
41
50
50
51
51
118
118
90
90
60
60
31
31
236
236
183
183
129
129
74
74
236
236
191
191
145
145
98
98
160
160
121
121
42
42
42
42
236
236
198
198
160
160
121
121
74
1
1
1
1
11284
28671
11284
28671
1
1
1
1
1
1
1
1
1
1
1
1
1
1
1
1
1
1
1
1
1
1
1
1
1
1
1
1
1
1
1
1
1
1
1
1
16
16
13
42
141
281
367
890
8083
1
1
1
11
11
26
26
1
1
1
1
1
1
13
42
141
281
367
890
8083
35352
1
1
1
1
1
1
1
1
1
1
1
35352
1
1
1
1
1
148195
148195
160
160
198
198
198
198
1
1
9
9
13
13
13
13
13
5
5
34
34
5
2
2
26
26
1
9
1
1
23
75
255
636
1508
13690
39214
2
2
1
1
1
1
1
1
1
1
0
51
51
67
67
221
221
748
748
1397
1397
1868
1868
4426
4426
40176
40176
148195
148195
1
1
9
1
1
9
9
4
5
5
1
1
1
1
1
1
1
1
9
9
1
1
4
4
1
1
1
1
1
1
1
1
1
1
1
1
1
1
1
1
1
1
1
1
1
1
1
1
1
1
1
1
1
1
1
1
1
1
1
1
1
1
1
1
1
1
1
1
1
1
1
1
1
1
1
1
1
1
1
1
1
1
1
1
1
1
1
1
1
1
1
1
1
1
1
1
1
1
1
1
1
1
1
1
1
1
1
1
1
1
1
1
1
1
1
1
1
1
1
2
2
236
236
236
236
236
236
236
236
236
236
236
236
236
236
236
236
236
236
121
121
121
121
121
121
121
121
121
121
121
121
121
121
121
121
121
121
5
5
9
9
13
13
9
9
18
18
26
26
9
9
5
5
1
1
1
1
1
1
6787
6787
28671
28671
25612
25612
3494
3494
3494
3494
1
1
1
1
1
1
1
1
1
1
1
10
10
13
13
12
12
12
12
10
10
13
12
12
10
18
18
19
19
18
18
15
15
13
13
82
82
74
74
63
63
51
51
7
7
34
34
67
67
129
129
251
251
488
488
67
68
69
70
71
71
72
73
74
74
75
76
77
78
78
79
80
81
82
82
385
385
1397
1397
4426
4426
40176
40176
40176
40176
40176
40778
40778
40176
40176
40176
22660
22660
34384
34384
1
1
1
1
1
1
1
1
1
1
1
1
1
1
1
1
1
1
1
1
1
42
1
1
1
1
1
42
1
42
1
42
1
42
1
1
1
42
1
42
1
42
1
42
1
42
1
42
1
42
1
42
1
42
1
42
1
42
1
42
1
42
1
42
1
42
1
42
1
42
1
42
1
42
1
82
1
82
1
82
1
82
1
1
1
1
82
1
82
1
1
42
1
42
1
42
1
42
1
42
1
42
1
42
1
42
1
42
1
1
42
1
1
42
1
1
1
1
1
1
1
1
1
1
1
1
1
1
1
1
1
1
1
1
1
1
1
1
1
1
1
1
1
1
1
1
1
1
1
1
1
1
1
1
1
1
1
1
1
1
1
1
1
1
1
1
1
1
1
1
1
1
1
1
1
1
1
1
1397
1397
4426
4426
40176
40176
40176
40176
40176
40176
6787
6787
1
1
1
1
1
1
1
1
1
1
1
748
1
1
1
1
4
4
1
1
1
1
1
1
1
1
1
1
1
1
1
1
1
1
1
1
1
1
3
1
1
2
1
1
1
1
1
1
1
1
1
1
1
1
1
1
1
1
1
1
1
1
1
1
1
1
1
1
3494
37768
37768
37768
37768
37768
37768
37768
37768
3494
3494
198
198
198
198
198
198
198
198
198
198
198
198
198
198
198
198
198
198
198
198
198
198
198
198
198
198
198
198
198
198
198
198
385
385
385
385
385
385
385
385
385
385
198
198
18
18
5
5
1
1
1
1
1
1
1
1
1
1
1
1
1
1
1
1
1
1
1
1
160
160
160
160
160
160
160
160
160
160
160
160
160
160
160
160
160
160
1
1
1
1
1
1
1
160
784
784
784
784
784
784
784
784
784
784
784
784
784
784
784
784
1
1
1
1
1
1
1
1
1
1
1
1
1
1
1
1
1
1
1
1
1
1
1
1
604
1
1
1
1
1
13
13
1
1
1
1
1
1
1
1
1
1
1
1
1
1
1
1
1
1
1
1
1
1
1
1
1
1
1
1
1
1
1
1
1
1
1
1
1
1
1
1
1
1
1
1
1
1
1
1
1
1
1
1
1
1
1
1
1
1
1
1
1
1
1
1
1
1
1
1
1
1
1
1
1
1
1
1
1
1
1
1
1
1
1
1
1
1
1
1
1
1
1
1
1
1
1
1
1
1
1
1
1
1
1
1
1
385
604
3
3
3
3
3
3
42
42
236
236
9
9
9
422
385
748
2142
4161
748
1103
6787
385
1453
385
1
1
1
1
1
1
1
1
1
1
1
1
1
1
1
1
1
1
1
1
1
1
1
5
1
1
1
1
1
1
1
1
1
1
1
1
385
1453
748
236
640
1
1
1
1
1
1
9
1
1
1
121
141
13
5
159534
159534
10009
10009
73365
73365
49751
49751
6787
6787
6787
6787
10009
10009
73365
73365
49751
49751
6787
6787
6787
6787
10009
10009
73365
73365
49751
49751
6787
6787
6787
6787
21
21
70
70
236
236
441
441
589
589
1397
1397
8405
8405
1
1
1
1
1
1
1
1
1
1
1
1
1
1
1
1
1
1
61608
61608
31716
31716
1
3494
3494
20063
20063
51
9
385
385
160
160
160
160
160
160
13816
13816
1
1
1
1
1
1
1
1
1
1
1
1
1
1
1
1
1
1
1
1
1
1
1
1
1
1
1
1
1
1
1
1
1
1
1
1
1
2
2
1
505513
505513
505513
451577
397356
342807
287872
232470
176476
119675
61608
31716
451577
424505
381028
337332
293385
249146
204557
159534
113936
61608
16327
451577
129
4
1
4
4
3
9
9
2
9
9
1
1
1
30
1
1
1
1
1
1
1
1
1
1
1
1
1
1
1
1
1
1
1
1
1
1
1
1
1
1
1
1
1
1
1
1
1
1
1
1
1
1
1
1
4
4
4
4
1
1
1
63
63
63
63
63
63
63
63
63
63
63
63
63
63
1
2
2
42
42
42
42
42
42
42
42
42
42
42
42
42
42
42
42
42
42
42
42
42
42
42
42
42
42
42
42
42
42
42
42
42
42
42
42
42
42
42
42
42
42
42
42
42
42
42
42
42
42
42
42
42
42
42
42
42
42
42
42
42
42
42
42
42
42
42
42
42
42
42
42
42
42
42
42
42
42
42
42
42
42
42
42
42
42
42
42
42
42
42
42
42
42
42
42
42
42
42
42
47
82
42
42
42
42
42
42
42
42
1
1
5
42
1
1
1
1
1
1
1
9
9
9
9
13
13
1
1
47
1
1
1
1
1
1
1
1
1
1
1
9
9
9
9
9
9
9
9
9
9
9
9
9
9
13
13
13
13
13
13
13
13
26
26
26
26
26
26
1
1
1
1
1
1
1
1
1
1
1
1
1
1
1
1
1
1
0
961
3628
1868
589
1598
2279
8598
4426
1397
3788
1
82
1
82
82
82
1
1
1
24
24
24
22
22
9
9
13
13
13
13
13
13
98
98
102
102
102
74
74
59
59
236
236
311
311
326
326
326
495
495
1
1
1
1
1
0
0
0
0
0
0
0
0
0
1
1
1
1
1
1
1
1
1
1
1
1
1
495
495
568
568
568
159534
159534
61608
61608
1
1
1
1
1
1
1
1
1
1
1
458
1
1
1
1
1
1
1
3
3
1
1
458
42
0
1
2
1
2
1
1
1
1
1
1
1
1
385
385
1
1
1
1
1
1
1
1
1
1
1
1
1
1
1
1
1
1
1
1
1
1
1
1
198
198
198
198
274
198
198
198
198
198
198
198
198
198
198
9
9
198
198
198
198
198
61608
61608
1
1
1
1
1
1
1
26
26
0
1
1
18
18
1
1
6
18
18
18
18
18
18
458
458
458
1
1
1
1
5
8727
8727
52726
52726
31716
31716
29890
29890
63377
63377
124256
124256
165189
165189
162363
162363
63377
63377
61608
61608
165189
165189
162363
162363
8727
8727
96643
96643
31716
31716
29890
29890
42
1
1
1
1
63377
63377
96643
96643
165189
165189
162363
162363
63377
63377
96643
96643
165189
165189
162363
162363
1
1
1
1
1
1
1
1
1
1
1
1
5
1
1
1
1
9
1
1
1
1
18
1
1
1
1
30
1
1
1
1
42
1
1
1
1
78
1
1
1
1
348
1
1
1
1
1
1
1
1
1
1
1
1
1
1
1
2
4
11
16
38
175
74
74
145
145
1
1
1
1
1
1
1
1
1
9
1
5
5
179
179
160
160
121
121
63
63
82
82
1
1
1
1
8727
8727
8727
8727
8727
8727
52726
52726
52726
52726
52726
52726
31716
31716
31716
31716
31716
31716
29890
29890
29890
29890
29890
29890
63377
63377
63377
63377
63377
63377
124256
124256
124256
124256
124256
124256
165189
165189
165189
165189
165189
165189
162363
162363
162363
162363
162363
162363
63377
63377
63377
63377
63377
63377
61608
61608
61608
61608
61608
61608
165189
165189
165189
165189
165189
165189
162363
162363
162363
162363
162363
162363
8727
8727
8727
8727
8727
8727
96643
96643
96643
96643
96643
96643
31716
31716
31716
31716
31716
31716
29890
29890
29890
29890
29890
29890
63377
63377
63377
63377
63377
63377
96643
96643
96643
96643
96643
96643
165189
165189
165189
165189
165189
165189
162363
162363
162363
162363
162363
162363
63377
63377
63377
63377
63377
63377
96643
96643
96643
96643
96643
96643
165189
165189
165189
165189
165189
165189
162363
162363
162363
162363
162363
162363
1
13
0
13
5
13
0
13
1
1
1
1
1
458
458
458
458
458
458
458
1
1
1
1
385
385
477
477
495
495
348
348
458
458
477
477
422
422
531
531
568
568
221
221
281
281
303
303
274
274
422
422
477
477
1
1
1
1
1
1
1
1
1
1
1
1
1
1
1
1
1
1
1
1
1
1
1
1
1
1
1
1
1
1
1
1
1
1
1
1
1
1
1
1
1
1
2
4
10
10
11
4
8
22
51
108
134
1
1
1
1
1
1
1
1
1
1
1
1
1
1
1
1
1
1
1
1
1
1
1
1
1
1
1
1
1
1
1
1
1
1
1
1
1
1
1
1
1
1
1
1
1
1
1
1
1
1
1
1
1
1
1
1
1
1
1
1
1
1
1
1
1
1
1
1
1
1
1
1
1
1
1
1
1
1
1
1
1
1
1
1
1
1
1
1
1
1
1
1
1
1
1
1
1
1
1
1
1
1
1
1
1
1
1
1
1
1
1
1
1
1
1
1
1
1
1
1
1
1
1
1
1
1
1
1
1
1
1
1
1
1
1
1
1
1
1
1
1
1
1
1
1
1
1
1
1
1
1
1
1
1
1
1
1
1
1
1
1
1
1
1
1
1
1
1
1
1
1
1
1
82
142
71
12
18
27
33
62
94
201
266
4
5
6
11
17
29
54
54
54
54
54
54
54
54
2
5
2
3
6
7
13
6
14
41
116
327
1
2
3
7
47
4
16
3
11
11
1
1
5
5
7
7
1
1
1
1
1
1
1
1
6
6
6
6
22
22
1
1
1
1
1
1
1
1
1
1
1
1
1
1
1
1
1
1
1
1
1
1
1
1
1
1
1
1
1
1
1
1
1
1
1
1
1
1
1
1
1
1
1
1
1
1
1
1
1
1
1
1
1
1
1
1
1
1
1
1
1
1
1
1
1
1
1
1
1
1
1
1
1
1
1
1
1
1
1
1
1
1
1
1
1
1
1
1
1
1
1
1
1
1
1
1
1
1
1
1
1
1
1
1
1
1
1
1
1
1
1
1
1
1
1
1
1
1
1
1
1
1
1
1
1
1
1
1
1
1
1
1
1
1
1
1
1
1
1
1
1
1
1
1
1
1
1
1
1
1
1
1
1
1
1
1
1
15
15
1
1
1
121
236
236
458
458
890
890
385
385
1
1
9
1050
1050
82
82
82
82
82
82
82
82
82
82
82
82
82
82
82
82
82
82
82
82
82
82
82
1
82
82
82
82
82
82
477
292
385
198
198
42
1
9
1
1
1
1
1
1
1
1
1
1
1
1
1
2142
6787
3494
1
1
1
1
1
1
1
1
1
1
1
1
1
1
1
9
18
18
18
18
18
18
18
18
1
18
1
3
6
1
1
1
1
1
2142
6787
3494
1
1
1
3
11
28
67
311
1
3
11
28
67
311
1
2
9
16
22
55
274
1
2
9
16
22
55
274
4
6
21
54
129
311
4
6
21
54
129
311
1
3
9
24
16
55
134
1
3
9
24
16
55
134
30
30
9
9
102
102
255
255
604
604
5481
5481
15701
15701
191
191
433
433
30
30
9
9
102
102
255
255
604
604
5481
5481
15701
15701
191
191
433
433
23
23
75
75
255
255
636
636
1508
1508
13690
13690
39214
39214
23
23
75
75
255
255
636
636
1508
1508
13690
13690
39214
39214
1
1
568
568
568
568
1
2
2
2
2
2
2
2
2
2
2
5
5
2
2
2
2
2
2
2
2
2
2
2
2
2
2
2
2
1
1
1
1
1
1
1
1
1
1
1
1
1
1
1
1
1
1
1
1
1
1
1
1
1
1
1
1
1
1
1
1
1
1
1
1
1
1
1
1
1
1
1
1
1
1
1
1
1
1
1
1
1
1
1
1
1
1
1
1
1
1
1
1
1
1
1
1
1
1
1
1
1
1
1
1
1
1
1
1
1
1
1
1
1
1
1
1
1
1
1
1
1
1
1
1
1
1
1
1
1
1
1
1
1
1
1
1
1
1
1
1
1
1
1
1
1
1
1
1
1
1
1
1
1
1
1
1
1
1
1
1
1
1
1
1
1
1
1
1
1
1
1
1
1
1
1
1
1
1
1
1
1
1
1
1
1
1
1
1
1
1
1
1
6
6
2
2
1
1
13
13
13
13
13
13
13
13
13
13
13
13
13
13
13
13
13
13
13
13
13
13
13
1
1
1
1
1
1
1
1
1
1
17
17
54
54
72
72
72
72
1
1
46
46
41
41
14
14
8
8
8
8
1
1
12
12
4
4
5
5
6
6
9
9
13
13
33
33
4
4
4
4
1
1
4
4
2
2
1
1
55
55
1
1
1
1
1
1
1
1
1
1
1
1
18
18
71
71
34
34
1
1
1
1
1
1
1
1
1
1
1
1
1
1
1
1
1
1
1
1
1
1
1
3
3
1
18
121
18
82
18
26
42
1
9
2
2
2
2
2
2
2
2
9
121
1
1
18
18
18
18
1
1
1
1
1
1
1
1
9
42
42
38
30
13
1
1
1
236
236
236
236
236
198
2
4
1
1
1
1
2
1
1
1
1
1
1
748
748
748
22660
40778
40176
37768
37768
5350
5350
2754
2754
6787
6787
28671
28671
25612
25612
495
495
495
495
495
495
495
495
495
495
495
495
51
51
51
51
51
51
51
51
51
51
51
51
51
51
51
51
51
51
51
51
22660
40778
40176
5
5
1
1
1
0
0
0
0
0
0
1
1
1
1
1
1
1
1
1
1
1
0
1
0
1
0
1
0
1
1
5
1
82
82
160
160
2142
2142
1971
1971
2142
2142
2142
2142
2142
2142
2142
2142
2142
2142
2142
2142
2142
2142
2142
2142
2142
2142
2142
2142
2142
2142
2142
2142
2142
2142
2142
2142
2142
2142
2142
2142
2142
2142
2142
2142
2142
2142
2142
2142
2142
2142
2142
2142
2142
2142
2142
2142
2142
2142
2142
2142
2142
2142
2142
2142
2142
2142
2142
2142
2142
2142
9
9
13
13
18
18
30
30
42
42
13
13
22
22
18
18
42
42
34
34
1
1
1
1
9
1
1
1
1
1
160
160
385
385
748
748
1453
1453
5
5
1
926
926
873
873
236
236
198
198
336
336
42
1
1
385
385
385
385
385
385
236
236
198
198
160
160
121
121
82
82
236
236
198
198
160
160
82
82
121
121
236
236
198
198
160
160
82
82
121
121
236
236
198
198
160
160
82
82
121
121
1
18
18
13
13
22
22
30
30
22
22
30
30
18
18
34
34
18
18
30
30
18
18
34
34
18
18
311
311
311
311
604
604
604
604
890
890
1173
1173
1173
1173
1
1
1
1
1
1
1
1
1
1
1
1
1
1
1
1
1
1
1
1
1
1
1
1
1
1
3
1
1
1
1
1
1
1
1
1
1
1
1
1
1
1
1
1
1
1
1
1
98
98
74
74
51
51
26
26
1
1
1
1
1
1
1
1
1
1
1
1
1
1
1
1
1
1
1
1
1
1
1
1
1
1
1
1
1
1
1
1
1
1
1
1
1
1
1
1
1
1
1
1
198
25612
28671
16327
22537
19443
31716
1
1
1
1
1
1
25612
28671
16327
22537
19443
31716
1
};