0
5
1
5
10
150000
150000
150000
150000
150000
150000
150000
150000
1
10
10
10
2
3
1
1
1
1
1
1
1
1
3
3
6
6
3
3
3
181
3
3
3
1
2
6
15
37
181
28
52
87
56
56
22
22
1
1
47
47
74
74
146
146
92
92
288
288
181
181
568
568
358
358
1122
1122
708
708
10
11
1
5
2
1
1
1
1
14
14
1
11
11
6
6
5
3
3
5
5
11
11
19
19
24
24
37
37
45
45
50
50
60
60
65
65
24
24
13
13
12
12
12
12
11
11
11
11
9
9
6
6
81
81
61
61
41
41
110
110
83
83
56
56
139
139
104
104
70
70
164
164
123
123
83
83
181
181
137
137
92
92
199
199
150
150
101
101
238
238
180
180
121
121
260
260
196
196
131
131
260
260
196
196
131
131
260
260
196
196
131
131
131
131
24
24
24
24
24
24
1
1
19
19
1
1
1
1
1
1
1
1
1
1
1
1
1
1
1
1
1
1
1
1
1
1
3
3
7
7
7
7
2
2
2
2
10
10
4
4
19
19
19
19
10
10
48
48
47
47
1
1
1
1
3
3
5
5
11
11
19
19
24
24
37
37
45
45
50
50
60
60
65
65
69
69
1
1
1
1
1
3
3
3
3
1
1
1
1
47
47
37
37
37
37
2
5
2
1
1
1
1
1
1
181
3
19
19
5
5
19
19
5
5
5
5
5
5
3
2
5
5
5
5
14
14
14
14
1
1
10
10
10
10
47
47
47
47
19
19
19
19
47
47
24
24
24
24
1
1
14
14
14
14
24
24
24
24
16
16
16
16
1
1
92
92
92
92
110
110
110
110
1
1
1
1
181
181
181
181
1
1
137
137
137
137
1
1
270
270
270
270
1
1
446
446
446
446
1
1
446
446
446
446
1
1
2
2
2
2
47
47
181
181
5
5
103
103
1225
1225
10
0
1
1
1
1
10
1
1
1
1
5
5
5
5
37
28
1
1
1
1
3
3
3
3
16
16
69
69
137
137
137
148
148
358
358
2759
2759
42
42
10
10
10
10
10
10
10
10
10
1
1
1
1
0
0
0
0
16
16
40
40
98
98
967
967
1
1
127
127
445
445
1139
1139
2758
2758
26445
26445
1
1
0
0
0
0
0
0
10
10
17
17
40
40
382
382
14
14
51
51
181
181
343
343
463
463
1121
1121
10757
10757
1
1
1
1
1
1
1
1
1
1
1
1
1
1
1
1
28
28
37
37
28
28
37
37
37
37
28
28
1
1
33
1
4
4
4
4
3
3
164
164
83
217
47
358
270
92
92
270
270
270
270
270
270
270
270
14
14
2
2
12
12
10
10
10
10
1
1
1
1
1
2
2
4
4
4
4
10
1
1
1
1
1
1
1
1
1
1
1
1
1
1
1
1
1
1
1
1
5
5
5
5
1
1
5
181
181
181
181
181
181
181
181
181
181
164
164
164
164
164
164
164
164
164
164
164
164
164
164
164
164
164
164
164
164
146
146
146
146
146
146
146
146
146
146
3
181
3
1
1
1
1
1
1
1
1
1
1
1
1
1
1
1
1
1
1
1
1
1
1
1
1
1
1
1
1
1
1
1
1
1
1
1
1
1
1
1
1
1
1
1
1
1
1
1
1
1
1
1
10
621
621
621
621
621
621
2
2
1
1
1
1
1
1
1
1
1
1
1
2
1
1
1
1
1
1
1
1
1
1
1
1
1
1
5
1
1
1
1
1
5
5
1
1
1
1
4
4
1
1
14
14
1761
1889
1
1
1
1
1
1
1
1
2
2
2
2
2
1
1
1
1
1
1
2
2
1
1
1
1
3
7
24
65
160
393
1
2
10
24
60
314
1
2
10
24
60
314
1
1
3
5
11
34
159
4
6
23
59
146
358
4
6
23
59
146
358
65
65
74
74
47
47
92
92
146
146
288
288
181
181
568
568
358
358
1122
1122
708
708
2216
2216
1397
1397
3
1
11
25
61
152
18
1
3
10
25
17
61
151
3
3
56
101
181
1
1
3
3
11
11
30
30
74
74
358
358
1
1
1
1
1
1
1
1
1
1
1
1
1
1
1
1
1
1
1
1
1
1
1
1
1
1
1
1
1
1
1
1
1
1
1
1
1
1
1
1
1
1
1
1
1
1
1
1
10
0
0
1
6
6
10
10
28
28
3
3
17
17
1
1
47
47
1
1
1
1
1
1
1
1
1
1
10
10
1
42
42
37
37
1
1
1
1
11
11
1
1
1
1
1
1
1
1
1
1
1
1
1
1
1
1
1
1
1
1
1
1
2
2
2
2
28
28
2
2
2
2
2
2
2
2
7
7
30
30
30
30
2
2
30
30
30
30
30
30
28
28
37
37
1
1
1
1
1
1
1
1
1
1
1
1
1
146
146
402
14
14
14
14
14
14
6
6
6
6
17
17
2165
2165
252
252
881
881
2250
2250
5448
5448
74
74
1671
1671
52222
52222
252
252
881
881
2250
2250
74
74
1671
1671
5448
5448
52222
52222
19
19
664
664
3350
3350
190
190
56
56
664
664
1260
1260
1697
1697
4108
4108
40984
40984
499
499
146
146
1739
1739
4443
4443
10758
10758
3300
3300
53022
53022
20
20
155
155
751
751
6616
6616
77
77
23
23
270
270
690
690
1671
1671
16017
16017
80930
80930
512
512
140
140
41
41
490
490
1251
1251
3029
3029
29039
29039
929
929
23
23
181
181
19
19
45
45
153
153
533
533
1012
1012
1363
1363
3300
3300
31628
31628
392854
392854
63
63
215
215
751
751
1425
1425
1918
1918
4645
4645
44521
44521
33
33
10
10
114
114
292
292
708
708
6782
6782
24822
24822
217
217
33
33
10
10
114
114
292
292
708
708
6782
6782
19939
19939
217
217
503
503
24
24
84
84
292
292
747
747
1808
1808
17326
17326
50940
50940
24
24
84
84
292
292
747
747
1808
1808
17326
17326
50940
50940
1
1
128
128
446
446
2759
2759
1139
1139
26446
26446
24
24
84
84
292
292
554
554
747
747
1808
1808
17326
17326
37
37
128
128
446
446
846
846
1139
1139
2759
2759
26446
26446
80930
80930
74
74
252
252
881
881
1671
1671
2250
2250
5448
5448
52222
52222
30
30
103
103
358
358
680
680
915
915
2216
2216
21243
21243
157
157
44
44
568
568
863
863
1449
1449
3536
3536
34133
34133
52
52
15
15
181
181
464
464
1122
1122
10758
10758
344
344
165
165
577
577
1095
1095
1474
1474
3569
3569
34214
34214
48
48
159810
159810
14
14
1311
1311
1311
1311
1311
1311
1311
1311
181
181
5949
5949
12981
12981
12981
12981
12981
12981
12981
12981
34940
34940
34940
34940
34940
34940
34940
34940
34940
19
1
1
1
1
1
1
1
1
1
58
58
17
17
204
204
386
386
520
520
1260
1260
12076
12076
40984
40984
4
4
4
4
4
4
4
4
4
4
4
4
4
4
4
4
4
4
4
4
4
4
4
1
4
4
4
4
24
11
4
1
1
0
4
4
4
4
4
4
4
4
92
92
1
10
10
10
19
10
10
19
10
10
10
1
2
1
1
6
1
0
0
0
2
2
2
5
2
1
2
1
2
1
1
4
4
288
288
146
146
74
74
37
37
19
19
19
19
1
5
1
5
1
5
1
5
1
5
1
1
1
1
3
19
19
1
1
1
1
1
1
1
8
3
3
10
10
1
1
1
1
1
1
1
1
1
1
1
1
1
1
1
1
1
1
1
2
2
314
314
5
5
2
6
5
10
2
1
14
1
1
1
1
1
1
5
5
181
5
5
5
5
5
5
1739
1739
881
881
446
446
226
226
92
92
137
137
181
181
8443
8443
181
181
92
92
47
47
24
24
19
19
28
28
37
37
881
881
2
2
314
314
794
794
1118
1118
1761
1761
3034
3034
14726
14726
1
1
1
1
1
1
1
402
402
924
924
1247
1247
1889
1889
3160
3160
15341
15341
1
1
1
1
1
1
1
314
314
794
794
1118
1118
1761
1761
3034
3034
14726
14726
1
1
1
1
1
1
1
314
314
794
794
1118
1118
1761
1761
3034
3034
14726
14726
14726
14726
14726
14726
14726
14726
14726
14726
14726
14726
181
181
181
181
270
270
181
181
181
181
181
1761
1761
794
794
1118
1118
3034
3034
1
1
1
1
1
1
1
1
1
1
1
1
47
47
74
74
56
56
37
37
19
19
1
1
2
2
2
2
2
2
5
5
5
5
5
5
5
5
5
5
5
5
2
2
10
10
5
5
2
2
2
2
2
2
1
1
3
3
2
2
1
19
19
1
1
1
1
1
1
1
1
1
1
1
1
1
1
1
1
1
1
1
1
1
1
1
1
1
1
1
28
28
25
25
23
23
17
17
14
14
37
37
37
37
19
19
1
1
1
1
1
37
37
1
10
1
2
1
1
1
1
5
1
1
10
10
2
2
5
5
4
4
10
10
1
1
3
3
3
3
5
5
5
5
7
7
7
7
9
9
19
19
19
19
10
10
19
19
47
47
28
28
10
10
65
65
47
47
28
28
1
1
2
2
2
2
2
2
2
2
2
2
3
3
2
2
2
2
4
4
4
4
2
2
6
6
6
6
1
1
10
10
1
1
1
1
1
1
28
1
1
4
4
2
2
2
2
2
3
3
1
1
1
1
3
3
28
28
10
10
2
2
1
1
1
1
1
1
3
3
10
10
2
2
2
10
10
2
2
4
4
1
4
4
1
1
1
1
1
1
1
1
10
10
4
4
4
4
10
10
19
19
1
1
208
208
10
10
19
19
1
1
5
5
5
5
5
5
5
5
2
2
2
1
1
28
28
28
28
28
28
28
28
28
28
28
28
28
28
2
2
2
2
2
2
28
28
2
2
2
2
28
28
2
2
2
2
2
2
2
2
28
28
2
2
2
2
2
2
2
2
28
28
2
2
2
2
28
28
2
2
28
28
2
2
2
2
2
2
28
28
2
2
2
2
2
2
2
2
2
2
2
2
2
2
2
2
2
2
2
2
1
1
1
1
1
1
2
2
1
1
2
2
4
4
2
2
2
2
1
1
1
1
1
1
1
1
4
4
4
4
1
1
1
1
137
137
2
2
2
2
2
2
2
2
2
2
2
2
2
2
1
1
1
2
2
2
2
2
2
2
2
1
1
2
2
1
1
1
1
1
1
2
2
2
2
1
1
2
2
1
1
2
2
2
2
1
1
2
2
1
1
2
2
1
1
2
2
1
1
2
2
1
1
2
2
110
110
110
110
110
110
110
110
110
110
146
146
146
146
137
137
137
137
78
78
78
78
78
78
78
78
2
2
1
1
2
2
1
1
1
1
2
2
1
1
2
2
1
1
1
1
1
1
1
1
1
1
1
1
1
1
1
1
2
2
1
1
2
2
4
4
10
10
24
24
37
37
19
19
47
47
24
24
56
56
28
28
92
92
47
47
1
1
4
4
11
11
1
1
3
3
4
4
15
15
8
8
6
6
28
28
11
11
14
14
1
1
8
8
6
6
14
14
10
10
5
5
15
15
33
33
1
1
1
1
8
8
26
26
92
92
137
137
270
270
270
270
568
568
4276
4276
270
88867
88867
392854
392854
137
137
1
1
1
1
1
1
1
1
1
1
1
1
1
1
1
1
1
1
1
19
19
270
110
110
5
37
28
1
1
1
47
1
1
60
1
1
1
1
3
1
92
92
92
65010
65010
65010
1
1
1
1
1
1
5
1
1
1
14
14
101
101
137
137
173
173
204
204
226
226
248
248
297
297
323
323
323
323
323
323
24
24
297
297
238
238
180
180
121
121
92
92
92
92
92
92
92
92
92
92
92
92
92
92
92
92
92
92
1
1
1
63
63
63
63
1
1
2590
2590
3097
3097
3704
3704
3704
3704
4427
4427
5297
5297
7912
7912
9461
9461
11319
11319
65
65
83
83
101
101
4
1
1
5
5
10
10
1
1
92
92
92
92
92
92
92
92
1
1
1
1
3
10
3
10
3
10
3
10
3
10
1
1
1
1
1
1
1
1
794
794
1118
1118
1118
1118
1118
1118
1118
1118
1118
1118
1118
1118
1118
1118
1118
1118
1761
1761
3034
3034
14726
14726
47
92
2
181
181
181
181
402
402
3300
3300
1671
1671
929
929
1425
1425
3300
3300
1671
1671
929
929
1425
1425
10758
10758
5448
5448
4645
4645
3029
3029
10758
10758
5448
5448
4645
4645
3029
3029
53022
53022
52222
52222
29039
29039
44521
44521
53022
53022
52222
52222
29039
29039
44521
44521
37
37
74
74
74
74
74
74
181
181
181
181
181
181
37
37
37
37
37
37
164
164
53022
53022
52222
52222
29039
29039
44521
44521
53022
53022
52222
52222
29039
29039
44521
44521
53022
53022
52222
52222
29039
29039
44521
44521
1
1
1
1
1
1
1
1
1
1
1
1
1
1
1
1
1
1
1
1
1
1
1
1
1
1
1
1
1
1
1
1
1
1
1
1
1
47
47
1
47
47
1
47
47
1
1
47
1
47
1
47
1
47
1
47
1
47
1
47
1
47
1
47
1
47
1
47
1
47
1
47
1
1
1
1
1
1
1
1
1
1
1
1
1
1
1
1
1
1
1
1
1
1
1
1
1
1
47
1
47
1
47
1
47
1
1
47
1
1
47
1
47
1
47
1
1
1
92
1
1
92
1
92
1
47
1
47
1
47
1
47
1
47
1
47
1
47
1
47
1
47
1
47
1
47
1
47
1
47
1
47
1
47
1
1
1
1
1
1
1
1
1
1
1
1
1
1
1
1
1
1
1
1
1
1
1
1
1
1
1
1
1
1
3
4
4
1
1
24
1
1
1
1
1
1
1
1
1
78
78
119
119
1
1
10
446
1
1
10
1
1
1
19
19
5
8
446
446
446
446
446
446
446
446
446
446
446
446
446
446
446
446
446
446
446
446
446
446
446
446
446
446
446
446
446
446
446
446
446
446
446
446
446
446
446
446
446
446
446
446
446
446
446
446
446
446
270
2
270
270
270
270
270
270
270
6
6
5
5
5
5
1
1
159
159
226
4
4
1
1
1
1
1
1
1
1
1
1
10
10
1
1
1
1
1
1
1
1
1
1
1
1
1
1
1
1
1
1
1
82
45
45
55
55
45
45
55
55
56
56
133
133
101
101
67
67
34
34
270
270
208
208
146
146
83
83
270
270
217
217
164
164
110
110
181
181
137
137
47
47
47
47
270
270
226
226
181
181
137
137
82
1
1
1
1
14213
36957
14213
36957
1
1
1
1
1
1
1
1
1
1
1
1
1
1
1
1
1
1
1
1
1
1
1
1
1
1
1
1
1
1
1
1
1
1
1
1
17
17
14
47
159
323
424
1053
10097
1
1
1
11
11
28
28
1
1
1
1
1
1
14
47
159
323
424
1053
10097
45806
1
1
1
1
1
1
1
1
1
1
1
45806
1
1
1
1
1
198945
198945
181
181
226
226
226
226
1
1
10
10
14
14
14
14
14
5
5
37
37
5
2
2
28
28
1
10
1
1
24
84
292
747
1808
17326
50940
2
2
1
1
1
1
1
1
1
1
0
56
56
74
74
252
252
881
881
1671
1671
2250
2250
5448
5448
52222
52222
198945
198945
1
1
10
1
1
10
10
4
5
5
1
1
1
1
1
1
1
1
10
10
1
1
4
4
1
1
1
1
1
1
1
1
1
1
1
1
1
1
1
1
1
1
1
1
1
1
1
1
1
1
1
1
1
1
1
1
1
1
1
1
1
1
1
1
1
1
1
1
1
1
1
1
1
1
1
1
1
1
1
1
1
1
1
1
1
1
1
1
1
1
1
1
1
1
1
1
1
1
1
1
1
1
1
1
1
1
1
1
1
1
1
1
1
1
1
1
1
1
1
2
2
270
270
270
270
270
270
270
270
270
270
270
270
270
270
270
270
270
270
137
137
137
137
137
137
137
137
137
137
137
137
137
137
137
137
137
137
5
5
10
10
14
14
10
10
19
19
28
28
10
10
5
5
1
1
1
1
1
1
8443
8443
36957
36957
32922
32922
4276
4276
4276
4276
1
1
1
1
1
1
1
1
1
1
1
11
11
13
13
12
12
12
12
11
11
13
12
12
11
19
19
21
21
19
19
16
16
13
13
92
92
83
83
69
69
56
56
8
8
37
37
74
74
146
146
288
288
568
568
75
76
77
77
78
79
80
81
82
83
84
85
86
86
87
88
89
90
91
92
446
446
1671
1671
5448
5448
52222
52222
52222
52222
52222
53022
53022
52222
52222
52222
29039
29039
44521
44521
1
1
1
1
1
1
1
1
1
1
1
1
1
1
1
1
1
1
1
1
1
47
1
1
1
1
1
47
1
47
1
47
1
47
1
1
1
47
1
47
1
47
1
47
1
47
1
47
1
47
1
47
1
47
1
47
1
47
1
47
1
47
1
47
1
47
1
47
1
47
1
47
1
47
1
92
1
92
1
92
1
92
1
1
1
1
92
1
92
1
1
47
1
47
1
47
1
47
1
47
1
47
1
47
1
47
1
47
1
1
47
1
1
47
1
1
1
1
1
1
1
1
1
1
1
1
1
1
1
1
1
1
1
1
1
1
1
1
1
1
1
1
1
1
1
1
1
1
1
1
1
1
1
1
1
1
1
1
1
1
1
1
1
1
1
1
1
1
1
1
1
1
1
1
1
1
1
1
1671
1671
5448
5448
52222
52222
52222
52222
52222
52222
8443
8443
1
1
1
1
1
1
1
1
1
1
1
881
1
1
1
1
4
4
1
1
1
1
1
1
1
1
1
1
1
1
1
1
1
1
1
1
1
1
3
1
1
2
1
1
1
1
1
1
1
1
1
1
1
1
1
1
1
1
1
1
1
1
1
1
1
1
1
1
4276
49016
49016
49016
49016
49016
49016
49016
49016
4276
4276
226
226
226
226
226
226
226
226
226
226
226
226
226
226
226
226
226
226
226
226
226
226
226
226
226
226
226
226
226
226
226
226
446
446
446
446
446
446
446
446
446
446
226
226
19
19
5
5
1
1
1
1
1
1
1
1
1
1
1
1
1
1
1
1
1
1
1
1
181
181
181
181
181
181
181
181
181
181
181
181
181
181
181
181
181
181
1
1
1
1
1
1
1
181
924
924
924
924
924
924
924
924
924
924
924
924
924
924
924
924
1
1
1
1
1
1
1
1
1
1
1
1
1
1
1
1
1
1
1
1
1
1
1
1
708
1
1
1
1
1
14
14
1
1
1
1
1
1
1
1
1
1
1
1
1
1
1
1
1
1
1
1
1
1
1
1
1
1
1
1
1
1
1
1
1
1
1
1
1
1
1
1
1
1
1
1
1
1
1
1
1
1
1
1
1
1
1
1
1
1
1
1
1
1
1
1
1
1
1
1
1
1
1
1
1
1
1
1
1
1
1
1
1
1
1
1
1
1
1
1
1
1
1
1
1
1
1
1
1
1
1
1
1
1
1
1
1
446
708
3
3
3
3
3
3
47
47
270
270
10
10
10
490
446
881
2590
5113
881
1311
8443
446
1739
446
1
1
1
1
1
1
1
1
1
1
1
1
1
1
1
1
1
1
1
1
1
1
1
5
1
1
1
1
1
1
1
1
1
1
1
1
446
1739
881
270
751
1
1
1
1
1
1
10
1
1
1
137
159
14
5
214557
214557
12570
12570
96791
96791
65010
65010
8443
8443
8443
8443
12570
12570
96791
96791
65010
65010
8443
8443
8443
8443
12570
12570
96791
96791
65010
65010
8443
8443
8443
8443
23
23
77
77
270
270
512
512
690
690
1671
1671
10510
10510
1
1
1
1
1
1
1
1
1
1
1
1
1
1
1
1
1
1
80930
80930
40984
40984
1
4276
4276
25634
25634
56
10
446
446
181
181
181
181
181
181
17490
17490
1
1
1
1
1
1
1
1
1
1
1
1
1
1
1
1
1
1
1
1
1
1
1
1
1
1
1
1
1
1
1
1
1
1
1
1
1
2
2
1
699540
699540
699540
623160
546605
469848
392854
315575
237936
159810
80930
40984
623160
584906
523601
462160
400565
338792
276806
214557
151963
80930
20755
623160
146
4
1
4
4
3
10
10
2
10
10
1
1
1
33
1
1
1
1
1
1
1
1
1
1
1
1
1
1
1
1
1
1
1
1
1
1
1
1
1
1
1
1
1
1
1
1
1
1
1
1
1
1
1
1
4
4
4
4
1
1
1
69
69
69
69
69
69
69
69
69
69
69
69
69
69
1
2
2
47
47
47
47
47
47
47
47
47
47
47
47
47
47
47
47
47
47
47
47
47
47
47
47
47
47
47
47
47
47
47
47
47
47
47
47
47
47
47
47
47
47
47
47
47
47
47
47
47
47
47
47
47
47
47
47
47
47
47
47
47
47
47
47
47
47
47
47
47
47
47
47
47
47
47
47
47
47
47
47
47
47
47
47
47
47
47
47
47
47
47
47
47
47
47
47
47
47
47
47
52
92
47
47
47
47
47
47
47
47
1
1
5
47
1
1
1
1
1
1
1
10
10
10
10
14
14
1
1
52
1
1
1
1
1
1
1
1
1
1
1
10
10
10
10
10
10
10
10
10
10
10
10
10
10
14
14
14
14
14
14
14
14
28
28
28
28
28
28
1
1
1
1
1
1
1
1
1
1
1
1
1
1
1
1
1
1
0
1139
4443
2250
690
1918
2759
10758
5448
1671
4645
1
92
1
92
92
92
1
1
1
26
26
26
24
24
10
10
14
14
14
14
14
14
110
110
114
114
114
83
83
65
65
270
270
358
358
376
376
376
577
577
1
1
1
1
1
0
0
0
0
0
0
0
0
0
1
1
1
1
1
1
1
1
1
1
1
1
1
577
577
664
664
664
214557
214557
80930
80930
1
1
1
1
1
1
1
1
1
1
1
533
1
1
1
1
1
1
1
3
3
1
1
533
47
0
1
2
1
2
1
1
1
1
1
1
1
1
446
446
1
1
1
1
1
1
1
1
1
1
1
1
1
1
1
1
1
1
1
1
1
1
1
1
226
226
226
226
314
226
226
226
226
226
226
226
226
226
226
10
10
226
226
226
226
226
80930
80930
1
1
1
1
1
1
1
28
28
0
1
1
19
19
1
1
6
19
19
19
19
19
19
533
533
533
1
1
1
1
5
10923
10923
68996
68996
40984
40984
38568
38568
83312
83312
166083
166083
222355
222355
218457
218457
83312
83312
80930
80930
222355
222355
218457
218457
10923
10923
128374
128374
40984
40984
38568
38568
47
1
1
1
1
83312
83312
128374
128374
222355
222355
218457
218457
83312
83312
128374
128374
222355
222355
218457
218457
1
1
1
1
1
1
1
1
1
1
1
1
5
1
1
1
1
10
1
1
1
1
19
1
1
1
1
33
1
1
1
1
47
1
1
1
1
87
1
1
1
1
402
1
1
1
1
1
1
1
1
1
1
1
1
1
1
1
2
4
11
17
42
199
83
83
164
164
1
1
1
1
1
1
1
1
1
10
1
5
5
204
204
181
181
137
137
69
69
92
92
1
1
1
1
10923
10923
10923
10923
10923
10923
68996
68996
68996
68996
68996
68996
40984
40984
40984
40984
40984
40984
38568
38568
38568
38568
38568
38568
83312
83312
83312
83312
83312
83312
166083
166083
166083
166083
166083
166083
222355
222355
222355
222355
222355
222355
218457
218457
218457
218457
218457
218457
83312
83312
83312
83312
83312
83312
80930
80930
80930
80930
80930
80930
222355
222355
222355
222355
222355
222355
218457
218457
218457
218457
218457
218457
10923
10923
10923
10923
10923
10923
128374
128374
128374
128374
128374
128374
40984
40984
40984
40984
40984
40984
38568
38568
38568
38568
38568
38568
83312
83312
83312
83312
83312
83312
128374
128374
128374
128374
128374
128374
222355
222355
222355
222355
222355
222355
218457
218457
218457
218457
218457
218457
83312
83312
83312
83312
83312
83312
128374
128374
128374
128374
128374
128374
222355
222355
222355
222355
222355
222355
218457
218457
218457
218457
218457
218457
1
14
0
14
5
14
0
14
1
1
1
1
1
533
533
533
533
533
533
533
1
1
1
1
446
446
555
555
577
577
402
402
533
533
555
555
490
490
621
621
664
664
252
252
323
323
349
349
314
314
490
490
555
555
1
1
1
1
1
1
1
1
1
1
1
1
1
1
1
1
1
1
1
1
1
1
1
1
1
1
1
1
1
1
1
1
1
1
1
1
1
1
1
1
1
1
2
4
11
11
11
4
9
24
56
122
151
1
1
1
1
1
1
1
1
1
1
1
1
1
1
1
1
1
1
1
1
1
1
1
1
1
1
1
1
1
1
1
1
1
1
1
1
1
1
1
1
1
1
1
1
1
1
1
1
1
1
1
1
1
1
1
1
1
1
1
1
1
1
1
1
1
1
1
1
1
1
1
1
1
1
1
1
1
1
1
1
1
1
1
1
1
1
1
1
1
1
1
1
1
1
1
1
1
1
1
1
1
1
1
1
1
1
1
1
1
1
1
1
1
1
1
1
1
1
1
1
1
1
1
1
1
1
1
1
1
1
1
1
1
1
1
1
1
1
1
1
1
1
1
1
1
1
1
1
1
1
1
1
1
1
1
1
1
1
1
1
1
1
1
1
1
1
1
1
1
1
1
1
1
91
161
79
12
19
29
36
68
105
229
305
4
5
7
11
18
32
59
59
59
59
59
59
59
59
2
5
2
3
6
8
13
6
15
45
131
378
1
2
3
8
52
4
17
3
11
11
1
1
5
5
8
8
1
1
1
1
1
1
1
1
6
6
6
6
24
24
1
1
1
1
1
1
1
1
1
1
1
1
1
1
1
1
1
1
1
1
1
1
1
1
1
1
1
1
1
1
1
1
1
1
1
1
1
1
1
1
1
1
1
1
1
1
1
1
1
1
1
1
1
1
1
1
1
1
1
1
1
1
1
1
1
1
1
1
1
1
1
1
1
1
1
1
1
1
1
1
1
1
1
1
1
1
1
1
1
1
1
1
1
1
1
1
1
1
1
1
1
1
1
1
1
1
1
1
1
1
1
1
1
1
1
1
1
1
1
1
1
1
1
1
1
1
1
1
1
1
1
1
1
1
1
1
1
1
1
1
1
1
1
1
1
1
1
1
1
1
1
1
1
1
1
1
1
16
16
1
1
1
137
270
270
533
533
1053
1053
446
446
1
1
10
1247
1247
92
92
92
92
92
92
92
92
92
92
92
92
92
92
92
92
92
92
92
92
92
92
92
1
92
92
92
92
92
92
555
336
446
226
226
47
1
10
1
1
1
1
1
1
1
1
1
1
1
1
1
2590
8443
4276
1
1
1
1
1
1
1
1
1
1
1
1
1
1
1
10
19
19
19
19
19
19
19
19
1
19
1
3
6
1
1
1
1
1
2590
8443
4276
1
1
1
3
11
30
74
358
1
3
11
30
74
358
1
2
10
17
24
60
314
1
2
10
17
24
60
314
4
6
23
59
146
358
4
6
23
59
146
358
1
3
10
25
17
61
151
1
3
10
25
17
61
151
33
33
10
10
114
114
292
292
708
708
6782
6782
19939
19939
217
217
503
503
33
33
10
10
114
114
292
292
708
708
6782
6782
19939
19939
217
217
503
503
24
24
84
84
292
292
747
747
1808
1808
17326
17326
50940
50940
24
24
84
84
292
292
747
747
1808
1808
17326
17326
50940
50940
1
1
664
664
664
664
1
2
2
2
2
2
2
2
2
2
2
5
5
2
2
2
2
2
2
2
2
2
2
2
2
2
2
2
2
1
1
1
1
1
1
1
1
1
1
1
1
1
1
1
1
1
1
1
1
1
1
1
1
1
1
1
1
1
1
1
1
1
1
1
1
1
1
1
1
1
1
1
1
1
1
1
1
1
1
1
1
1
1
1
1
1
1
1
1
1
1
1
1
1
1
1
1
1
1
1
1
1
1
1
1
1
1
1
1
1
1
1
1
1
1
1
1
1
1
1
1
1
1
1
1
1
1
1
1
1
1
1
1
1
1
1
1
1
1
1
1
1
1
1
1
1
1
1
1
1
1
1
1
1
1
1
1
1
1
1
1
1
1
1
1
1
1
1
1
1
1
1
1
1
1
1
1
1
1
1
1
1
1
1
1
1
1
1
1
1
1
1
1
6
6
2
2
1
1
13
13
13
13
13
13
13
13
13
13
13
13
13
13
13
13
13
13
13
13
13
13
13
1
1
1
1
1
1
1
1
1
1
18
18
59
59
80
80
80
80
1
1
50
50
45
45
15
15
9
9
9
9
1
1
12
12
4
4
5
5
7
7
10
10
14
14
36
36
4
4
4
4
1
1
4
4
2
2
1
1
60
60
1
1
1
1
1
1
1
1
1
1
1
1
19
19
78
78
37
37
1
1
1
1
1
1
1
1
1
1
1
1
1
1
1
1
1
1
1
1
1
1
1
3
3
1
19
137
19
92
19
28
47
1
10
2
2
2
2
2
2
2
2
10
137
1
1
19
19
19
19
1
1
1
1
1
1
1
1
10
47
47
42
33
14
1
1
1
270
270
270
270
270
226
2
4
1
1
1
1
2
1
1
1
1
1
1
881
881
881
29039
53022
52222
49016
49016
6616
6616
3350
3350
8443
8443
36957
36957
32922
32922
577
577
577
577
577
577
577
577
577
577
577
577
56
56
56
56
56
56
56
56
56
56
56
56
56
56
56
56
56
56
56
56
29039
53022
52222
5
5
1
1
1
0
0
0
0
0
0
1
1
1
1
1
1
1
1
1
1
1
0
1
0
1
0
1
0
1
1
5
1
92
92
181
181
2590
2590
2378
2378
2590
2590
2590
2590
2590
2590
2590
2590
2590
2590
2590
2590
2590
2590
2590
2590
2590
2590
2590
2590
2590
2590
2590
2590
2590
2590
2590
2590
2590
2590
2590
2590
2590
2590
2590
2590
2590
2590
2590
2590
2590
2590
2590
2590
2590
2590
2590
2590
2590
2590
2590
2590
2590
2590
2590
2590
2590
2590
2590
2590
2590
2590
10
10
14
14
19
19
33
33
47
47
14
14
24
24
19
19
47
47
37
37
1
1
1
1
10
1
1
1
1
1
181
181
446
446
881
881
1739
1739
5
5
1
1096
1096
1032
1032
270
270
226
226
388
388
47
1
1
446
446
446
446
446
446
270
270
226
226
181
181
137
137
92
92
270
270
226
226
181
181
92
92
137
137
270
270
226
226
181
181
92
92
137
137
270
270
226
226
181
181
92
92
137
137
1
19
19
14
14
24
24
33
33
24
24
33
33
19
19
37
37
19
19
33
33
19
19
37
37
19
19
358
358
358
358
708
708
708
708
1053
1053
1397
1397
1397
1397
1
1
1
1
1
1
1
1
1
1
1
1
1
1
1
1
1
1
1
1
1
1
1
1
1
1
3
1
1
1
1
1
1
1
1
1
1
1
1
1
1
1
1
1
1
1
1
1
110
110
83
83
56
56
28
28
1
1
1
1
1
1
1
1
1
1
1
1
1
1
1
1
1
1
1
1
1
1
1
1
1
1
1
1
1
1
1
1
1
1
1
1
1
1
1
1
1
1
1
1
226
32922
36957
20755
28877
24822
40984
1
1
1
1
1
1
32922
36957
20755
28877
24822
40984
1








































































































































































































































































































































































































































































































































































































































88000

};